0.06663933
0.972181196
1.098866593
3.374644146
8.442329582025E12
8.492814814398E12
0.863596711
0.770380782
2.412498027
0.76356939
1.1928612729097E13
0.810649953
0.322041942
1.383043413
1.2882896545235E13
0.262873687
0.505208611
2.5872883949268E13
0.480219498
2.6216811702183E13
2.24540462
1.982810974
2.6681657969113E13
2.6794099849423E13
1.84688908
2.6907598702135E13
2.7267730094993E13
0.32580172
2.7488358886601E13
2.8447945139387E13
2.8542924523894E13
1.79249178
3.918236906
0.535584476
1.854663265
2.9671706068673E13
1.415198734
