0.045518524
0.036835808
0.05347556
2.272745978
8.494823967771E12
0.040867374
0.038693514
1.1929474558569E13
0.062316147
0.081342787
0.038191592
1.2883931332353E13
0.021847575
0.148805233
2.5873674625915E13
0.038332834
2.6217958776832E13
0.042440098
0.039372357
2.6683286079923E13
2.6794950402491E13
2.171338492
2.6909014392529E13
2.7268593425347E13
2.7385455061772E13
2.7489369082429E13
2.8448834921615E13
2.8543984318208E13
0.03705188
0.052221485
2.9276136128136E13
0.040262818
