783.1854
785.1854
406.0003
459.0014
1.7976931348623157E308
1.7976931348623157E308
408.0004
438.001
496.0011
472.0022
1.7976931348623157E308
506.0042
414.0004
508.0028
1.7976931348623157E308
463.0051
390.0003
1.7976931348623157E308
534.0023
1.7976931348623157E308
399.0003
401.0004
1.7976931348623157E308
1.7976931348623157E308
403.0007
1.7976931348623157E308
1.7976931348623157E308
494.0029
1.7976931348623157E308
1.7976931348623157E308
1.7976931348623157E308
366.0003
345.0001
576.0061
487.0012
1.7976931348623157E308
442.0019
