779.1854
769.1854
420.0003
468.0014
1.7976931348623157E308
1.7976931348623157E308
410.0005
499.0016
472.0017
1.7976931348623157E308
516.0042
407.0004
515.0026
1.7976931348623157E308
469.0051
395.0004
1.7976931348623157E308
547.0043
1.7976931348623157E308
403.0004
415.0004
1.7976931348623157E308
1.7976931348623157E308
383.0003
1.7976931348623157E308
1.7976931348623157E308
434.001
1.7976931348623157E308
1.7976931348623157E308
1.7976931348623157E308
358.0003
340.0001
1.7976931348623157E308
485.0008
1.7976931348623157E308
