779.1854
773.1854
791.1854
787.1854
775.1854
775.1854
787.1854
777.1854
773.1854
403.0003
452.0011
1.7976931348623157E308
1.7976931348623157E308
408.0004
1.7976931348623157E308
489.0018
486.0017
1.7976931348623157E308
507.0042
420.0006
511.0023
1.7976931348623157E308
1.7976931348623157E308
377.0003
1.7976931348623157E308
536.0023
1.7976931348623157E308
395.0004
405.0004
1.7976931348623157E308
1.7976931348623157E308
392.0007
1.7976931348623157E308
1.7976931348623157E308
1.7976931348623157E308
1.7976931348623157E308
1.7976931348623157E308
1.7976931348623157E308
358.0003
346.0001
1.7976931348623157E308
492.0014
1.7976931348623157E308
434.0019
