1.238847016
0.601884334
0.598720319
0.969078271
0.584206117
1.390074159
0.335955514
0.638018331
0.578637079
1.801917863
2.212606133
8.44116194271E12
8.491756712546E12
1.78715048
1.0633229302522E13
0.810028292
1.752990889
1.192803395286E13
1.050602332
1.181895978
1.808212182
1.2882182765912E13
2.5677799158998E13
1.09760812
2.5871932520449E13
1.068901258
2.621597944462E13
2.632769848
1.068023015
2.6680856916297E13
2.6793483644009E13
1.73241547
2.6906731580236E13
2.7267061043012E13
2.7381441254738E13
2.7487541144726E13
2.8447270780805E13
2.8542227793821E13
1.850056032
0.158999594
2.9274028909194E13
2.220406709
2.9670675935704E13
2.620539448
