2.097754106
1.294764664
1.924194003
0.641026405
8.443087176725E12
8.493646049544E12
1.405855734
1.076205775
1.713560373
1.1928969133452E13
0.766695778
1.907178964
1.285337547
1.2883407944066E13
0.272466426
2.103584766
2.5873248643904E13
1.712469045
2.6217332185964E13
1.485213801
0.255534469
2.6682394627225E13
2.6794458746776E13
0.803810704
2.6908224373708E13
2.7268143388668E13
0.581897737
2.7488886614786E13
2.8448372770365E13
2.8543497371869E13
0.344263393
0.488053306
2.9275539813433E13
0.655297242
2.967254312456E13
