803.1854
779.1854
468.0017
519.002
1.7976931348623157E308
517.0022
507.0025
1.7976931348623157E308
530.0046
423.0006
520.0037
1.7976931348623157E308
482.0051
386.0003
1.7976931348623157E308
561.0035
1.7976931348623157E308
413.0003
411.0004
1.7976931348623157E308
1.7976931348623157E308
426.0011
1.7976931348623157E308
1.7976931348623157E308
1.7976931348623157E308
1.7976931348623157E308
1.7976931348623157E308
1.7976931348623157E308
355.0003
340.0001
1.7976931348623157E308
504.0016
