1128.3242
1122.3242
1130.3242
1124.3242
1118.3242
1402.7795
1406.7795
1402.7795
1406.7795
1404.7795
1402.7795
1408.7795
1410.7795
1398.7795
1412.7795
1406.7795
1406.7795
1398.7795
NULL1402.7795
1406.7795
NULLNULL206.0147
206.0147
212.0157
176.0096
153.0077
176.0096
159.0083
176.0096
176.0096
153.0077
206.0147
176.0103
188.0118
192.011
274.0224
153.0077
274.0224
NULL274.0224
274.0224
274.0224
201.0137
NULLNULLNULL127.0
127.0
127.0
127.0
115.0
680.3041
139.0
139.0
139.0
139.0
139.0
NULLNULL