<<<<<<< HEAD
927.8333333333333
927.8333333333333
927.8333333333333
927.8333333333333
927.8333333333333
927.8333333333333
927.8333333333333
927.8333333333333
927.8333333333333
927.8333333333333
927.8333333333333
921.1666666666666
921.1666666666666
=======
882.7083333333333
879.375
879.375
879.375
882.7083333333333
879.375
879.375
879.375
879.375
879.375
879.375
882.7083333333333
882.7083333333333
879.375
879.375
879.375
879.375
879.375
879.375
879.375
879.375
879.375
882.7083333333333
879.375
879.375
879.375
879.375
882.7083333333333
879.375
879.375
879.375
879.375
879.375
882.7083333333333
879.375
879.375
879.375
882.7083333333333
879.375
879.375
882.7083333333333
879.375
>>>>>>> ExcelWriterResource
