921.1666666666666
921.1666666666666
921.1666666666666
921.1666666666666
921.1666666666666
921.1666666666666
921.1666666666666
921.1666666666666
921.1666666666666
921.1666666666666
921.1666666666666
921.1666666666666
921.1666666666666
921.1666666666666
921.1666666666666
921.1666666666666
921.1666666666666
921.1666666666666
921.1666666666666
921.1666666666666
921.1666666666666
921.1666666666666
921.1666666666666
921.1666666666666
921.1666666666666
921.1666666666666
921.1666666666666
921.1666666666666
921.1666666666666
921.1666666666666
921.1666666666666
921.1666666666666
921.1666666666666
921.1666666666666
921.1666666666666
921.1666666666666
921.1666666666666
921.1666666666666
921.1666666666666
921.1666666666666
921.1666666666666
921.1666666666666
921.1666666666666
921.1666666666666
921.1666666666666
921.1666666666666
921.1666666666666
921.1666666666666
921.1666666666666
921.1666666666666
921.1666666666666
921.1666666666666
921.1666666666666
921.1666666666666
921.1666666666666
921.1666666666666
921.1666666666666
921.1666666666666
921.1666666666666
921.1666666666666
921.1666666666666
921.1666666666666
921.1666666666666
921.1666666666666
921.1666666666666
921.1666666666666
921.1666666666666
248.33333333333331
580.5833333333333
580.5833333333333
578.9166666666666
